

x=43;

y=432;